cat <- c(2,4,5,)